MEME version 4

ALPHABET= ACGT

strands: + -

Background letter frequencies (from uniform background):
A 0.25000 C 0.25000 G 0.25000 T 0.25000 

MOTIF CDEIII 

letter-probability matrix: alength= 4 w= 41 nsites= 68 E= 0
  0.323529	  0.294118	  0.088235	  0.294118	
  0.573529	  0.235294	  0.014706	  0.176471	
  0.735294	  0.058824	  0.117647	  0.088235	
  0.588235	  0.132353	  0.058824	  0.220588	
  0.470588	  0.191176	  0.073529	  0.264706	
  0.794118	  0.044118	  0.132353	  0.029412	
  0.338235	  0.250000	  0.073529	  0.338235	
  0.411765	  0.367647	  0.073529	  0.147059	
  0.088235	  0.308824	  0.000000	  0.602941	
  0.588235	  0.147059	  0.014706	  0.250000	
  0.323529	  0.161765	  0.000000	  0.514706	
  0.308824	  0.029412	  0.323529	  0.338235	
  0.088235	  0.485294	  0.014706	  0.411765	
  0.073529	  0.044118	  0.882353	  0.000000	
  0.147059	  0.235294	  0.264706	  0.352941	
  0.088235	  0.147059	  0.044118	  0.720588	
  0.764706	  0.058824	  0.014706	  0.161765	
  0.352941	  0.308824	  0.176471	  0.161765	
  0.882353	  0.058824	  0.029412	  0.029412	
  0.191176	  0.588235	  0.058824	  0.161765	
  0.661765	  0.191176	  0.044118	  0.102941	
  0.441176	  0.308824	  0.073529	  0.176471	
  0.397059	  0.132353	  0.073529	  0.397059	
  1.000000	  0.000000	  0.000000	  0.000000	
  0.000000	  0.926471	  0.000000	  0.073529	
  0.000000	  1.000000	  0.000000	  0.000000	
  0.014706	  0.000000	  0.000000	  0.985294	
  0.838235	  0.117647	  0.000000	  0.044118	
  0.000000	  0.000000	  0.000000	  1.000000	
  0.308824	  0.014706	  0.602941	  0.073529	
  0.014706	  0.955882	  0.000000	  0.029412	
  0.000000	  0.867647	  0.058824	  0.073529	
  0.808824	  0.000000	  0.191176	  0.000000	
  0.205882	  0.250000	  0.323529	  0.220588	
  0.397059	  0.088235	  0.029412	  0.485294	
  0.029412	  0.102941	  0.014706	  0.852941	
  0.058824	  0.000000	  0.000000	  0.941176	
  0.205882	  0.191176	  0.588235	  0.014706	
  0.029412	  0.117647	  0.000000	  0.852941	
  0.191176	  0.044118	  0.205882	  0.558824	
  0.029412	  0.014706	  0.014706	  0.941176