MEME version 4

ALPHABET= ACGT

strands: + -

Background letter frequencies (from uniform background):
A 0.25000 C 0.25000 G 0.25000 T 0.25000 

MOTIF CDEIII 

letter-probability matrix: alength= 4 w= 41 nsites= 18 E= 0
  0.222222	  0.388889	  0.222222	  0.166667	
  0.277778	  0.055556	  0.111111	  0.555556	
  0.500000	  0.277778	  0.055556	  0.166667	
  0.388889	  0.388889	  0.055556	  0.166667	
  0.222222	  0.444444	  0.277778	  0.055556	
  1.000000	  0.000000	  0.000000	  0.000000	
  0.000000	  1.000000	  0.000000	  0.000000	
  0.000000	  1.000000	  0.000000	  0.000000	
  0.000000	  0.000000	  0.000000	  1.000000	
  0.388889	  0.166667	  0.055556	  0.388889	
  0.888889	  0.000000	  0.000000	  0.111111	
  0.000000	  0.000000	  0.000000	  1.000000	
  0.000000	  0.888889	  0.111111	  0.000000	
  0.000000	  0.000000	  0.944444	  0.055556	
  0.333333	  0.111111	  0.166667	  0.388889	
  0.000000	  0.111111	  0.000000	  0.888889	
  0.944444	  0.000000	  0.000000	  0.055556	
  0.222222	  0.222222	  0.333333	  0.222222	
  0.777778	  0.166667	  0.055556	  0.000000	
  0.277778	  0.444444	  0.111111	  0.166667	
  0.500000	  0.222222	  0.166667	  0.111111	
  0.388889	  0.222222	  0.166667	  0.222222	
  0.000000	  0.222222	  0.000000	  0.777778	
  0.944444	  0.000000	  0.055556	  0.000000	
  0.000000	  1.000000	  0.000000	  0.000000	
  0.000000	  1.000000	  0.000000	  0.000000	
  0.000000	  0.000000	  0.000000	  1.000000	
  1.000000	  0.000000	  0.000000	  0.000000	
  0.000000	  0.000000	  0.000000	  1.000000	
  0.055556	  0.000000	  0.944444	  0.000000	
  0.000000	  1.000000	  0.000000	  0.000000	
  0.055556	  0.555556	  0.111111	  0.277778	
  0.666667	  0.000000	  0.222222	  0.111111	
  0.111111	  0.277778	  0.222222	  0.388889	
  0.222222	  0.055556	  0.111111	  0.611111	
  0.000000	  0.111111	  0.000000	  0.888889	
  0.000000	  0.000000	  0.000000	  1.000000	
  0.000000	  0.944444	  0.055556	  0.000000	
  0.000000	  0.222222	  0.000000	  0.777778	
  0.166667	  0.055556	  0.055556	  0.722222	
  0.055556	  0.000000	  0.000000	  0.944444